5
8
5 284779025
6 572498176
9 263245685
11 683058538
12 872502878
13 789460437
14 535047033
15 380289677
8
1 831477725
6 931045353
8 221600801
9 740047073
10 808088111
11 781348967
13 503083708
16 992857526
8
1 447289336
4 500236294
5 133341032
6 778802979
10 798330902
12 149213466
13 819062257
17 351239571
8
5 609550704
6 229842025
10 971782121
11 931793750
12 436986243
14 245997524
16 219570612
18 43472639
8
0 757156542
7 452098128
8 658940704
9 120296345
10 355545136
12 914120826
14 700862269
16 651438063
