6878
2748 2150
5669 1381
3168 4767
5179 6328
4629 1627
931 2896
6044 3981
2302 4927
2081 4617
428 2443
169 892
3837 5727
1013 2821
428 2419
986 939
6831 4277
1803 6085
6696 909
5889 680
2759 2876
2151 2897
1406 3268
5812 2552
1117 6582
5107 914
4896 3467
2073 2871
1337 3216
3594 5841
1587 3920
5992 1765
2826 4769
152 5743
5839 1847
4967 4064
1140 1340
2593 3924
5623 297
39 3617
1377 3775
6495 14
6318 1402
5476 2359
1592 1312
3393 391
968 2468
1639 3026
5864 3829
3854 726
3903 1485
3209 2576
5211 1911
1236 6858
1411 1295
5944 1432
145 3503
1390 710
5394 4097
1066 324
735 1308
2550 1068
4679 4877
1250 2008
2717 6233
6825 231
1368 6569
2472 3842
4066 1543
1015 5600
4772 5423
5788 6634
6195 1859
2964 3387
5619 5148
979 6810
2098 6546
2319 352
1931 217
4193 1472
4744 5599
5954 4952
4682 5246
278 6641
2961 1262
3266 630
1648 3892
4556 864
2694 6239
4610 3837
262 4648
3369 4284
2094 692
6222 3703
2624 756
5118 6384
2336 6552
3505 2704
3505 3242
3207 24
2836 2465
2437 3466
868 4519
4164 5163
5795 5416
1571 2781
5948 377
4582 1726
5833 4940
4907 570
659 4016
3578 1762
1100 337
4635 6358
1713 1234
5562 6422
3625 3201
1151 6564
3464 465
4420 5990
2945 3915
1853 5713
796 2495
2551 6243
3746 3286
3786 3976
3191 6636
5648 5530
171 395
2406 1755
4036 4453
6626 5505
3141 4945
492 5844
2680 2623
5191 6669
4547 1967
4868 6203
4106 1925
928 6416
1738 3945
847 5488
5134 5919
6283 2007
4976 5570
6515 748
5527 5416
3966 3941
5221 3178
693 6519
3935 1868
2459 6032
1293 6823
5782 1898
3269 5768
3244 6748
4367 1834
2362 1768
596 4195
6298 12
4047 2543
2384 888
1487 1689
1599 4252
5156 5996
1360 3640
5834 4990
5604 510
4085 4518
1523 532
654 4129
4992 3102
6054 6646
3888 6311
1873 2191
4904 1169
690 45
6626 1710
4527 1738
6480 5348
3874 73
5818 5846
4607 6285
5847 8
3985 2829
5747 6655
726 4702
3662 2746
235 6427
1335 2741
6682 3212
1717 5738
6377 2703
1761 1957
4871 5771
621 2692
4036 387
5403 5582
4272 2832
1447 4921
6643 1884
1324 534
4217 6205
3389 969
1858 6428
5955 5921
2562 926
657 1022
6859 5228
6226 2824
596 5233
6286 5353
237 3798
219 6220
5046 2397
6577 782
1300 4514
6760 5879
843 100
1480 6105
3927 3009
881 3590
5217 353
4245 3857
3042 6280
5089 826
246 3124
1565 3298
4581 6167
6193 4994
799 3996
5041 2365
1286 3759
1818 781
6646 4460
2312 5859
3395 6805
3579 6553
1180 4034
2258 6444
6848 1791
2422 5257
1061 195
1447 6021
2541 5644
5966 523
2936 5054
6596 2807
1874 2383
4613 3954
1641 4880
2212 4622
2094 4216
957 378
1323 6784
6561 5359
6394 2000
4097 750
4941 5712
3437 4711
2887 3933
1636 2962
5009 5318
6677 1615
1957 378
6176 6511
1240 143
3816 5503
2949 6077
2114 3277
6384 4250
2221 6532
6331 1927
2869 5823
6216 1422
264 4030
1348 5290
1764 4379
2039 5205
4946 1467
664 6157
6191 6638
4291 397
11 151
2278 861
1862 3297
5525 5366
5717 643
969 4797
1771 5806
48 6691
1816 4364
4046 4932
3367 191
2774 3385
4350 3613
5176 134
4314 535
2785 6564
638 6670
1796 4466
584 980
5048 6562
4370 2529
3873 5053
3140 4340
4926 4282
1071 3681
6556 3276
1630 5829
2451 6556
2245 5381
549 2843
455 304
6627 306
5322 67
1439 4916
3728 5313
2352 3366
1807 1334
5164 735
5362 3459
5324 575
5738 741
2109 206
86 1996
2259 3525
122 6179
5197 703
3402 6604
2727 1696
3488 6812
2348 5983
1835 4309
529 1892
5821 363
2609 4616
6608 4888
1320 5356
4619 570
2245 3158
757 6437
731 4773
1950 3701
5943 3751
4995 6563
5030 6459
4819 5101
1210 2351
4447 298
1954 4895
4528 4535
3063 6010
774 765
868 6077
4398 203
480 4289
4463 2157
4007 3994
4269 6758
4458 6020
4449 1691
1347 776
3980 5851
6268 5689
514 6458
3441 168
1281 4349
4077 6100
1160 4843
1727 2943
2663 1729
6087 2549
672 1393
4862 3194
1034 1730
2932 3411
1160 3339
3083 2566
78 6271
4608 5904
796 6549
5907 3293
5080 1971
2986 1704
6206 4323
696 3470
5449 6046
837 1423
653 4642
4450 6150
749 3562
4232 977
4477 4421
4572 250
3914 3909
6711 5935
2297 3316
1904 1493
4452 2072
6408 4136
2449 4348
5250 1019
253 3283
2712 379
4102 1706
5038 2480
5670 155
4549 600
276 4617
2257 3591
5736 1888
3867 627
205 6665
5032 937
2450 1020
4315 5024
1127 1287
2978 5931
467 6466
2139 1706
5975 3812
5252 382
4633 995
5892 1744
1429 6863
6599 4437
3710 6121
62 1778
4096 2662
1454 4993
4146 3280
4037 5592
6707 4748
2806 5269
3797 1497
6728 1599
5277 6473
6695 5901
1009 1277
2579 5070
6314 3285
2847 2647
4927 141
2180 1046
6115 1746
603 2080
1742 4563
1851 1384
4746 4898
622 1382
5329 3126
4534 6019
4586 5342
981 292
55 2918
4035 4137
1579 1332
862 5391
1266 3043
874 6432
3555 3610
671 3176
6031 3978
344 4743
5056 4568
2946 2489
5754 91
3130 2752
3579 5387
840 5344
446 4133
3093 5219
6493 4893
2208 2146
2646 319
985 1395
2965 2067
3722 3218
6523 4590
3592 5187
1125 244
686 1692
812 491
5544 2204
4040 3686
3325 4926
2231 4775
3416 3426
1303 675
2659 1519
3490 5801
761 3974
4714 860
5147 159
2705 277
3936 3554
4446 4880
519 1533
5443 1541
511 2269
6391 6068
3560 4944
115 140
1187 3691
6499 7
3664 3663
2121 289
3480 6397
60 5101
6491 5947
1690 243
1547 1996
485 2268
2227 361
3791 1203
517 3960
964 712
801 1667
1648 2405
993 6559
5049 4281
2388 2479
471 18
1344 5532
19 4840
1943 2369
2290 5210
5371 4894
6584 2005
1207 1015
5956 3291
5154 5579
4025 3733
831 165
224 4938
2103 1518
2421 3220
2502 3166
6378 6542
6075 5434
1700 3887
1155 839
3506 11
6562 4612
3699 3916
2595 617
2354 5791
2921 2400
2177 4015
2171 768
6755 1220
6817 4905
6060 6024
2710 4229
6776 1368
6316 3620
6454 16
6335 3064
2509 1817
2798 3240
4194 5168
3740 3770
6629 5774
851 2485
6750 4624
4984 6826
6512 6764
661 2839
1010 1413
3580 6838
2841 338
2004 6199
1197 3971
6324 227
5874 511
6177 5929
2457 2080
6084 1114
1117 5985
1561 3337
2115 6436
5538 3338
5763 1274
561 3539
4538 5224
5959 918
4146 2942
5842 2385
3458 2140
6309 59
5843 2879
1788 5746
6484 4650
2174 1897
23 6734
1409 6226
1261 4909
3683 6348
2339 5794
3226 2318
5844 2604
4200 1700
5795 6855
4042 5907
1000 3052
1843 2111
4025 6159
3768 6784
1066 5970
5777 4119
6304 5355
4058 2696
6603 1383
2733 4388
1770 5615
2694 2658
3362 3085
5617 5413
6525 1520
4701 4630
3570 4445
4031 6652
4657 5202
3977 6357
3182 1473
1346 5045
6774 3968
4220 6497
6319 6172
6092 7
456 2111
2876 6657
3545 4707
5579 3955
5203 1572
4837 1869
740 3205
6024 4627
5049 406
657 447
5994 5903
125 383
4680 5072
5474 4204
3094 5552
3625 57
6732 3497
458 386
3919 1332
6772 4553
1922 3582
1940 300
6000 625
5259 2504
4079 2794
2075 4174
4430 2473
2403 2602
2576 6475
2371 1946
5258 1558
6505 3149
6615 3943
4277 780
621 556
6741 3447
6119 1185
1966 3846
1695 6801
800 1820
4581 2927
2936 6509
750 2450
5873 6073
539 1356
6787 2106
1824 4306
3820 1361
1449 682
4654 597
759 881
2617 1224
3890 4885
1611 1734
701 574
2817 246
1415 1211
6417 406
2193 165
900 2971
6246 6399
6824 765
1033 3621
502 1927
3391 2361
1379 3335
1069 3329
1952 21
4342 1150
848 1432
4302 5859
2338 1583
2955 3692
4332 2665
5536 89
1170 4403
2780 4780
4533 64
4791 2599
6526 5489
4582 3742
560 2716
6276 3892
5310 6287
5352 4247
4246 755
6676 4488
5513 138
6844 4163
3155 3610
6450 1849
2082 2941
3183 6120
6447 1714
6069 5244
1329 6866
6697 3491
5389 6798
2815 4431
1345 2586
5343 3953
2830 4660
3675 4268
4852 6699
2888 3940
5706 6138
4441 6272
3872 1420
3189 6343
51 1194
835 1975
3322 6647
2764 5017
6027 2299
4675 6501
2241 810
6683 4390
4481 5900
4142 2641
2254 4145
593 4485
332 1521
3228 4800
3352 6002
1092 6722
6326 2338
2260 4859
5107 2972
3394 4884
1004 6401
1644 3956
2699 1933
6446 63
6852 2531
6853 6775
5 6444
1844 3698
4610 4540
5626 5683
2316 1716
3237 4558
2060 2169
4605 4153
4672 1238
40 5915
490 4757
1713 4234
3795 923
557 1470
5649 5898
1002 3022
3813 3162
1193 6538
1097 5984
6819 2033
1122 3192
1804 5866
4345 6591
3154 4129
135 6120
390 410
3575 1043
6782 460
4082 6681
5174 2583
3340 6807
2567 751
5369 2698
3642 1176
3940 1780
5073 2857
3545 6536
4663 3492
6250 4300
6662 6189
292 5680
6033 5308
3790 3215
763 422
2374 6112
1614 4167
1733 6653
2340 976
1050 3065
955 6106
4007 3346
577 4071
699 2943
6169 5476
627 1671
4544 3526
4847 960
3900 5020
1282 6359
6712 6282
1359 3048
4728 3479
2095 2886
3707 5537
5223 4614
4899 1556
5040 488
5194 5171
3105 478
1745 3565
5554 5825
5522 6719
4544 267
5339 3289
723 5850
2272 134
4514 3335
5610 3716
183 214
2062 216
3540 4076
1590 4647
3324 3024
5070 3374
6313 1486
2777 3215
3004 5883
5530 2343
1397 1371
6387 5136
1714 5459
310 5115
436 4966
4214 1830
3703 2643
6581 918
2568 5699
5601 1895
4056 4954
5787 3782
2505 2891
2869 1463
1636 958
3193 809
285 6481
5529 3428
4972 2363
142 119
2772 1678
3932 2470
4790 6098
1548 3645
4698 1583
309 6266
360 2251
4664 1007
3104 3412
1966 5609
1162 2162
2725 3758
6619 2436
746 4651
3740 4289
5991 4727
6570 2723
301 4649
4358 3997
6693 6142
5350 4666
188 4704
2553 4444
88 3045
4418 350
364 2082
1619 5140
1130 4286
5635 5566
3947 6083
2598 4558
2691 4224
5247 2408
3317 2412
6865 1027
700 4249
468 636
3824 6111
2623 3338
3117 3273
4741 5816
265 2880
2098 1794
6441 271
1989 5711
2751 2580
4888 4508
113 3532
5505 5053
4446 3849
5902 5971
6315 6524
3922 1809
53 2143
3539 3090
542 3564
282 6432
3373 2639
41 3485
5076 4696
5358 5720
1562 695
1886 5832
4604 5139
34 3035
46 499
1537 244
280 2875
5792 4907
4722 6812
3427 3933
3450 470
1601 1076
331 1790
2395 454
6567 6730
3687 572
6210 1688
175 6320
5559 1836
6700 2716
3301 5552
5482 366
6292 2042
6431 4066
1390 6637
6842 2370
5936 459
5989 2020
2583 2645
5913 5437
2668 5854
327 1974
4029 5306
4343 668
6147 5419
6430 2327
5002 2165
1330 5934
525 1391
4135 6386
938 5803
508 966
2497 3858
5005 3479
6853 228
4152 1928
443 5237
6171 5128
3773 3572
4059 3173
6647 5611
3012 5716
2738 6774
4405 1693
2925 4536
283 6299
3092 5942
3390 6261
5106 66
3722 5710
4539 973
6705 2924
2684 2726
6204 6198
6307 309
3807 6752
4960 3650
3931 2089
1586 2506
3228 4715
2910 1888
1484 4147
907 714
6041 6541
932 4378
5622 4942
4919 5280
352 2803
268 4090
24 5430
4335 450
4262 1684
5144 4150
1782 2595
5190 181
4298 1243
5412 3286
4754 1107
2332 2024
6550 956
1701 3868
676 3734
3041 863
2659 3594
4953 1577
3530 5099
275 4902
1171 2018
1461 5514
5522 4344
2483 6613
1192 5897
1199 2134
6814 2702
433 4695
6157 6188
4083 1982
3965 753
5160 3475
5036 6344
1201 3072
3252 734
3284 644
3563 1292
5436 5227
2163 4
3808 5523
3035 232
6078 1118
588 6443
588 5021
6485 4261
5050 3910
2313 6644
2577 3634
1412 3538
5266 545
5577 5676
791 508
3197 4198
4496 356
3010 1870
6585 4836
1311 3327
1419 5286
415 3351
4478 689
5010 3199
3292 3381
1049 4769
6680 3425
2106 1795
1891 4492
6815 6387
5081 1256
6117 6507
1593 4886
2831 5974
1145 1173
565 2352
5141 3787
4867 1685
461 6361
211 5982
6726 1259
4811 6094
2582 6175
6441 3260
5911 6393
4587 3612
2466 4482
4149 1705
6072 795
5222 4101
2439 1499
4377 1291
3138 2213
3329 6050
6567 6852
6813 3917
35 2859
2635 4094
5187 87
2389 2203
5326 4968
2428 3713
4838 2228
97 4597
718 5638
5952 2085
6659 2752
4827 5504
2246 2527
1844 878
3840 1167
2894 5473
6486 4739
1794 2477
3541 4818
4114 112
4065 3827
744 3879
2740 4721
3135 2987
2666 875
5541 2344
2515 2516
1850 4384
3384 3131
2382 1215
2023 2846
2963 4765
4112 4262
4506 2514
636 4981
575 3059
6663 1842
5215 2378
936 3662
6133 6083
2613 1656
2582 4454
2900 3219
5815 3002
6452 2308
6733 321
2684 6130
3147 1405
31 2424
6776 2467
5218 991
5694 4380
2093 6496
3985 6208
1450 5363
5578 3399
5286 4424
2867 3292
4693 1766
1811 4997
3093 4375
5291 6201
6518 5177
291 1214
1077 1740
2796 1383
1755 2790
4508 467
6524 6239
608 396
1254 6237
5387 1681
5655 1482
6052 1080
3605 5862
2524 4054
1408 6196
4474 5346
342 660
2584 5891
4398 4958
5783 472
4069 3025
3203 1434
3674 1373
2709 4495
4718 2929
5508 4229
2125 4606
5042 5071
6017 2441
3177 5391
2368 6621
2639 3732
1827 4636
4657 5908
30 6294
4673 1516
3714 6114
2676 5341
4213 2319
2184 5567
2283 3040
4717 4779
609 3553
4784 3878
6686 47
4583 838
33 2370
6610 2573
2219 709
170 4988
1926 2437
5550 1034
724 2961
1235 2742
5201 595
3672 4472
5470 3832
3232 5210
1080 681
3086 1189
5680 5444
4436 6104
2164 4362
6262 2048
4352 3902
2220 3645
2108 1739
2427 5712
1469 4067
1456 4670
4831 2642
518 4060
587 6110
236 1367
3959 2883
5930 5333
3501 4394
389 17
1675 1948
4737 1936
1256 3030
4169 6352
4285 3578
1101 5751
554 3109
3102 4594
3781 2916
6463 5953
4779 2197
1272 3783
3839 6446
2867 6470
486 1156
1249 111
3823 2126
949 2545
1046 5867
1672 3069
214 1257
449 639
2783 791
3179 4655
3432 3870
3007 5472
2687 3654
349 3143
4941 528
583 1339
3828 2068
4812 3588
5546 5531
4034 384
3626 2482
6279 6484
5062 3543
5489 1701
5520 5203
5414 673
2901 4984
5808 5298
204 1403
6350 5730
3131 450
2738 1039
1028 885
3334 2441
990 6194
6600 4292
5008 4861
2640 4462
1331 4283
5524 4172
2365 6845
6391 4185
3736 813
3472 5444
5737 5658
3006 6578
4555 5976
4311 754
3287 6035
2302 634
4180 1041
1402 6356
4096 3057
3502 3367
3998 3156
6213 5797
5370 3937
6501 5695
5495 265
4410 846
3720 6873
5283 4754
3775 1316
3747 816
149 5735
6839 2457
2229 5288
3994 2010
2167 6536
3524 5670
4334 1983
323 3833
1 335
1501 497
6529 6598
6158 443
2103 4808
68 3897
6588 2037
5206 6081
5330 5463
6156 5653
3048 1840
1740 2341
855 610
5504 3762
308 1954
6109 458
3057 540
1023 3175
3034 2631
2889 708
2959 169
4041 4567
409 336
2238 5098
3676 326
5462 5718
6327 4928
4407 4955
6471 4648
2838 4846
2297 6234
5629 13
5018 1626
4221 235
3321 5799
2700 6368
5381 5650
128 4234
317 5739
4178 1107
4652 2856
2671 5123
719 4765
2186 6811
4372 6645
1773 3087
1070 1921
6295 6779
6182 4620
2786 5683
2983 1097
92 6664
1336 5190
724 5796
2425 1552
1604 4478
3918 4791
2675 6782
3485 5511
5454 1170
3661 2699
2366 3620
5139 3512
1381 5855
1956 922
5591 2042
2862 5355
872 6376
4585 2097
743 6768
20 1039
1689 6288
1327 6080
6265 2448
5398 5216
3665 3066
76 543
307 4416
2832 62
6836 6436
4224 2227
5678 3438
4348 4394
6763 1963
1589 2819
3630 3409
6381 6783
6851 915
2210 2527
2317 4258
4562 417
6433 2083
1038 81
5635 76
4738 5799
4825 6467
6327 3992
4245 2644
4949 3717
1677 3016
2925 6679
1907 5261
332 5263
1150 2255
74 6379
2952 6178
343 865
5940 1514
4370 5490
4214 5086
3572 1837
6502 2566
6338 604
642 328
1166 6179
1710 3347
5056 6407
5437 6636
5876 952
4266 2826
4111 2124
1119 6333
2723 3358
3445 4053
3256 5438
6804 5609
405 2569
865 5796
5072 1993
1853 3738
2808 2970
4184 6737
4929 2817
5639 5445
1317 2806
5236 2421
5510 1935
5967 3412
1942 3182
5944 2598
1008 4851
6182 1133
4059 221
6713 196
6570 117
1057 2641
3186 5256
3601 494
5972 3996
296 3101
1644 6369
6745 4584
3468 4729
3792 6133
4796 6206
2383 5039
4639 1864
5506 6291
1149 6161
2985 58
1545 1444
4714 4771
582 172
5780 5163
1968 1584
6292 4266
6531 4364
6655 5910
6007 4666
6410 179
1423 1139
5374 6368
118 3556
4678 639
711 1598
4423 1260
846 2026
5678 6298
3223 1445
2508 1253
2122 2065
1773 5886
3396 1944
384 1995
1411 6554
1692 392
5064 2556
4333 1488
4577 6071
592 4021
6082 808
5125 5497
3516 3023
3504 5258
407 3470
2879 4284
273 1326
1877 6698
3159 3471
4204 380
3436 5641
2127 984
5146 1908
2133 4396
1343 3185
5344 3044
3033 1580
5955 2266
3124 3186
2787 4355
4559 6451
4251 2540
1566 6687
591 359
4775 6544
1178 6545
6285 5241
1059 2388
6651 1186
3905 3800
5137 3500
4326 1214
6560 858
5247 4977
3911 2219
2411 3365
3299 3153
2025 4070
3202 6525
2360 3373
5282 911
5715 3162
5651 369
6289 6315
184 3236
3407 4070
6849 2493
2081 5047
1418 5730
4524 909
2248 4063
5696 6070
3767 46
704 938
1453 6443
6022 1222
1614 6336
4504 5470
1322 3868
1564 6139
1762 1073
146 994
3041 6026
6826 1677
4869 1969
6602 2877
912 6834
6293 1237
4588 5968
5094 3757
599 3017
1372 2139
5798 6163
3815 6190
1301 1709
5296 1110
820 6715
1650 4688
646 3125
4998 2109
1934 2011
3190 1565
5460 1260
2612 6422
2890 2712
5481 4123
4377 2318
1544 218
4920 1517
274 1764
1088 114
4128 4580
2049 978
2322 3977
2165 6297
1555 5090
6442 4429
413 1276
5088 370
6761 1355
2740 3056
1754 5106
3144 1934
260 4908
5778 3639
6066 5748
1821 6125
3885 4662
6856 1137
2153 619
3883 647
640 4505
1346 2726
4537 3263
5816 476
3264 3314
877 1894
2745 360
6804 2784
6729 3860
2977 1414
5008 3229
1398 2064
2469 5343
5430 5016
4596 6510
6294 5917
1295 4301
2981 1010
2286 1513
2430 2713
4079 4023
1087 6413
4551 3777
2706 2136
5629 4366
5931 291
4311 4175
4167 1403
2971 6710
935 1629
2521 1531
2112 5987
4677 576
3529 3704
283 3711
3851 4629
1306 5625
6721 3742
4110 1462
2464 6383
3677 3811
445 6689
5615 1972
2397 2101
4437 2891
6297 859
2217 1969
2276 2262
715 6559
3508 3105
4310 3792
5379 2972
6215 5006
4753 3665
5561 127
5236 4157
3819 4235
3889 1939
1386 6125
505 186
2389 1510
3970 3060
685 2405
6537 903
3991 3037
4093 895
3235 4856
6437 2990
1068 2413
2538 5918
1006 2893
388 5734
6809 6221
2677 6590
4186 4171
6137 2632
2011 2465
1605 3174
2950 5464
4864 5608
817 17
3477 2118
5837 6551
5214 5373
597 2218
2976 1271
3732 4507
1197 3986
1142 420
1977 3970
3530 4684
2198 2155
967 5876
339 4047
4463 2436
2505 3608
3801 3559
3689 1920
3513 4643
3951 252
6767 5082
255 4464
2134 1309
4431 493
289 5902
3461 3805
137 6539
5010 1728
5518 5095
503 6819
4550 4770
6600 6453
2002 6303
1959 6000
194 5031
4957 4870
4811 4932
1446 6164
3744 1099
2789 6709
2509 357
1731 4740
4254 2534
4869 5439
6605 6241
2400 5353
1471 1464
756 1729
6372 1964
4665 1839
5558 6589
6753 2247
6785 4901
3768 1350
2536 3029
6205 1697
120 3494
6568 6003
1680 3808
3359 3243
6857 1182
2162 3198
2554 6483
303 2181
1421 6783
2049 6746
1141 4734
3193 3512
16 1645
3306 2741
6688 5968
3095 4148
5378 5860
4115 1610
5980 2736
5873 4182
2296 4335
2079 5241
4522 2987
1963 3069
4222 362
3033 5438
580 3334
1561 6490
2953 2988
3885 845
4325 1146
1082 4778
4654 4322
1442 6578
6092 4137
5085 5062
1026 3206
148 6055
4331 4762
2845 755
5238 2417
772 3831
3337 964
4792 713
3111 4126
1110 4805
2772 4905
4526 5297
5429 4374
25 306
6726 843
4254 3181
1459 3593
879 4816
2391 4627
2612 261
3838 5471
908 3678
4279 3279
91 6321
1120 1061
489 4119
3461 2060
2514 4861
1049 729
3793 4295
5851 5992
1548 3353
2761 6710
563 695
5788 4227
3463 2544
2248 3774
334 2395
1652 1623
5202 3238
73 6731
2590 2654
2931 1166
4999 4357
677 6772
5132 4304
278 4968
6508 6736
1272 2743
1251 43
3358 2695
4203 856
5921 1024
188 224
6007 6052
6695 6686
1632 6628
6023 5012
1296 2132
6865 2886
2756 6794
3295 4422
1362 34
5275 4939
3720 4255
2657 2727
3410 5124
4085 2746
329 2299
3340 1688
5059 6878
1797 1121
5773 5534
2013 528
5937 4820
368 4337
2010 6328
80 2067
6724 1030
2747 1810
138 3074
6619 444
3283 6471
1767 5640
2088 1138
158 952
3097 4029
2918 2201
5761 2956
2567 2517
1685 3070
3953 2608
1122 2267
5154 1136
2674 6342
2484 806
4103 2507
5300 305
501 3348
6465 4336
749 705
4598 1029
5143 1433
6673 206
5057 5745
5929 1275
6632 5526
5905 6353
4591 3960
3789 3371
3318 2356
4736 4816
1424 4230
2776 6337
2475 3323
2422 2720
5200 6008
811 1302
1781 3475
1206 942
3115 5405
4127 5197
6351 4524
1722 2331
4889 747
115 3156
641 1251
5798 4415
5821 3114
2211 669
1951 3559
38 1736
6633 82
2369 1776
80 2551
1735 1503
4318 717
4248 691
5254 2399
2560 5545
4190 4280
5818 5880
1985 1067
5118 1444
1997 4231
784 3946
1901 1933
1287 6748
6568 5100
272 2568
2311 1792
949 3473
5000 4700
2944 3557
4995 4043
5667 1715
709 2451
4130 2579
3363 6455
4892 5452
1482 2358
875 6656
4303 3849
5058 3053
158 1978
4537 6277
5170 5895
5124 27
3957 3430
1519 5588
4497 3737
6678 4575
2471 1576
2542 5995
3569 776
4004 2530
3966 4383
3364 2777
1641 5335
454 1549
429 2411
3051 564
5874 977
6025 2016
5895 3032
2242 3761
5125 5608
3130 3443
192 1932
2512 4411
3624 2409
162 6192
2153 5767
5357 6162
1882 133
2039 182
4041 2872
1461 3037
3577 6151
2649 6867
2949 2503
231 3454
1143 769
2996 3859
1566 5777
2796 4156
2678 6506
5871 1190
2315 3779
3824 1569
3647 6586
5927 6506
2438 51
3856 4799
6489 5300
1602 2989
1588 442
3071 4914
1453 223
2533 1999
5824 3425
6788 3127
4744 2849
4009 5979
2734 5556
5018 1128
4401 2206
2708 2347
5878 6244
4122 794
2810 5786
3551 1232
1483 3766
3950 4281
6223 3845
4585 1595
595 5983
2960 2001
5415 6700
6097 5605
4421 195
497 4934
2868 2874
1929 718
1774 434
1600 6470
1382 2191
6168 4171
2858 5809
4686 2767
2836 3498
1788 5295
1102 904
5685 6831
3431 3091
5885 5092
2698 120
3749 1810
5433 1953
6760 4772
989 236
393 5731
357 3510
6589 4792
814 1699
5825 6449
3658 440
3855 4389
674 4002
3647 5781
3814 4094
1646 6538
6309 3309
5274 4833
5168 5110
2198 311
4873 1270
4716 1822
6318 611
3702 3549
2629 6048
2957 3294
601 6683
5213 3440
1989 2974
3862 4897
2753 2176
4457 4631
2372 63
1094 5762
96 2148
5653 5376
36 6212
190 6166
4246 1500
2903 6339
5224 269
2829 2550
3104 2636
4465 3456
3453 1178
4206 4936
5940 1495
2214 2426
1802 3723
766 5567
6605 867
5406 2167
2827 966
6160 2586
1650 895
5869 3436
1539 5153
847 605
2433 1992
3937 5564
1165 5753
4705 805
933 1682
29 5031
3909 6664
5612 4959
5145 2887
1271 2993
1893 3514
1973 815
4863 3704
3614 2298
5760 1620
242 2096
3253 4686
5919 5137
1975 5570
4206 522
870 2637
4001 1558
891 1976
2335 3660
106 5253
6789 5956
4517 5528
1712 521
3008 4340
5421 4003
5178 5524
2534 3152
1025 2872
2947 2281
974 271
6610 4506
2624 2653
542 4487
2647 1872
2911 2021
5316 5794
4651 4180
145 3550
6638 1731
441 742
2584 6701
3807 3222
925 6067
2130 2020
1739 3500
900 2884
2238 5076
6736 4520
4838 4789
5714 4687
385 6537
4120 5882
4677 6301
3692 5930
2851 6764
3644 6496
1496 1732
6475 758
1924 2769
1094 1086
4265 5464
658 1783
4117 1338
4602 2543
2594 178
416 126
4574 1112
6803 5036
6517 4635
227 5934
1763 5937
1962 3943
3672 6469
2228 4936
113 3523
3901 8
1162 5599
509 2061
5715 2585
4970 390
6702 4260
1083 957
1670 1370
3986 5441
2592 3831
2673 817
6799 54
3050 4894
4179 1811
2831 4151
2261 725
5165 1254
5113 5184
2061 5766
963 566
66 6677
2312 5553
6423 4761
6053 5029
1388 190
2194 6832
2498 5928
5852 1928
424 6440
5094 3063
5511 2028
3449 5239
202 4405
6876 3330
4101 2655
4252 4013
4067 6345
6169 3658
1747 2183
2093 5807
906 2222
2307 1183
3136 6513
5207 2023
5182 768
1793 1417
2620 6123
6072 6856
3840 2681
2658 1965
1557 2999
1213 698
2401 4305
2635 4241
319 452
5130 5516
4665 28
6494 4882
6305 1377
5864 3697
6180 637
6170 5838
4191 4985
6574 6300
2578 72
5725 2181
1375 6827
1675 6127
4298 5668
5613 4547
1516 3339
1885 998
6716 2967
5276 3666
4485 4154
4099 931
3322 2626
5037 4387
3306 2329
5854 3462
3520 1984
716 3537
5897 2553
2997 1603
1625 504
6407 2878
6528 2137
1337 4211
1535 536
3748 2881
698 2786
3207 2290
6255 5627
3576 1658
4782 4338
5297 3929
4296 4030
1941 5183
729 6654
5069 3702
2332 6140
2933 6061
6051 6545
4395 5891
2613 3068
4177 568
3564 1386
3684 4875
6816 4676
968 217
1860 3256
3838 2818
2310 6228
673 5448
2734 1921
358 1167
2926 5667
1604 6692
797 2732
2532 4412
5896 1984
4396 5188
2637 4818
2077 6099
5922 3175
1899 824
5863 2048
3008 4099
6837 28
1574 3031
5688 1385
4729 3088
229 5431
1528 4874
827 189
1903 3073
5108 5295
132 3112
1227 4388
3184 376
4413 2652
475 6580
5188 6324
6492 2992
1434 5995
4762 359
1194 4959
4259 1035
6034 3926
2205 5612
6335 3262
4576 4938
3385 5132
3303 3522
1585 1209
5632 6791
3923 44
5180 5516
5248 1352
561 5939
3948 1988
2435 1912
3117 1425
298 1144
1354 2538
5827 2418
4870 2964
6738 3813
823 940
6156 4427
6528 1649
3237 6333
6491 917
5720 4082
6352 1190
2485 5858
3036 3009
816 1812
594 6858
4264 4837
1278 4934
5620 3727
6 1906
5914 3217
2144 1951
5019 4986
6116 490
258 2200
213 4658
4477 1719
2339 3288
1624 2253
487 1454
2955 2754
1062 5557
2265 461
3375 4218
3234 1895
6577 5857
779 6504
3549 2091
270 2235
1257 2110
2216 6273
4632 2785
1035 88
3946 4700
6657 3344
261 6170
5457 1164
1096 2548
33 1351
3326 970
5278 5750
4844 4909
6094 5890
5759 4606
1802 1291
1218 6181
4068 4069
2881 4661
1570 2190
6115 1002
5233 1289
6786 5351
5431 6825
5645 2176
2629 5574
3290 3701
603 2795
3278 3989
3668 2711
5692 5223
413 1812
1360 6758
5407 5752
282 6325
151 4929
3014 5332
797 3080
6113 4917
614 1937
1366 1469
5060 5102
3554 43
3830 2237
893 3061
5705 5947
6046 4821
2611 813
1900 3108
529 3399
3227 302
4676 2662
1204 1651
2079 48
1752 444
2819 2031
1496 1414
191 6390
869 2619
3401 5406
264 5987
6860 1408
401 5095
4213 5645
5906 3061
3211 4081
574 4973
953 4230
123 410
5682 6543
252 139
5539 5828
910 4423
1645 4522
6012 2592
4884 4718
3584 694
4611 1642
6838 1596
53 1005
311 6204
5737 5182
1867 243
4198 1282
4615 3947
1490 1546
203 3546
2230 2491
5267 3898
1832 3351
2984 2596
1451 587
4489 5528
739 5492
5945 2587
5527 3435
4803 4724
831 5229
5377 4024
2393 705
5663 2148
103 1435
3642 5565
2874 6421
6765 2839
6340 6671
3225 4120
1596 5989
3453 941
5054 132
6780 4184
221 5875
3721 2287
5961 2204
2350 6020
280 4906
3406 4105
1504 5542
3881 1477
1169 6209
3012 2381
2462 3637
1890 1838
1392 3324
3778 4434
4043 3415
140 3913
5909 5631
4883 4356
2602 5993
5755 3080
5731 4168
5338 3903
762 1955
6515 3394
889 6295
4937 2024
1053 2571
2242 2224
3993 5324
4243 2981
2848 5035
5081 2235
700 3962
1185 3522
915 5734
2004 4536
2293 457
4426 6070
2873 5112
5589 2483
4807 4800
229 2179
1223 5250
50 5161
5893 6410
1211 331
2462 4931
3888 5291
3396 4414
5283 2147
4087 5332
1780 2728
2342 5745
473 365
1828 2759
4483 1023
2260 5598
4564 1718
594 5700
4084 2249
5607 6529
945 4185
1807 2868
5067 2730
6434 4521
2858 4073
4208 3822
77 2009
5836 1494
5127 1283
1708 5121
3958 5778
5932 6160
4086 3646
6809 1450
6613 4315
737 5646
3393 5700
1055 5537
1006 4904
1926 1136
4925 2329
3159 5970
1315 1074
2954 1051
1891 3509
2558 842
4305 3202
4042 2557
2368 4626
3155 5176
567 368
1938 873
3039 6334
4724 6601
3875 6862
1225 6270
5984 6771
829 1276
1374 5097
1828 4622
2337 1328
5817 1629
6322 2447
5606 584
2804 5083
1634 1468
2259 1769
2793 136
3976 6756
1653 2546
834 6708
4019 2724
4087 1625
1076 5395
4320 681
4056 1409
3659 5028
5885 3727
3197 4679
3873 1799
5426 2766
1490 1394
6412 1750
242 6530
2978 1226
4414 6604
6576 1229
3319 4533
1050 5510
5963 187
4290 430
2794 651
1175 416
6872 5352
3047 5027
2367 5375
5301 1115
205 6558
259 5926
2233 1310
5288 3667
3400 6522
903 3684
1228 6771
2197 2440
2022 3054
1387 679
5317 764
3078 2486
701 656
1918 3510
173 3128
2917 1016
5299 5852
1307 5861
2520 5032
3027 6137
886 1108
976 2102
3210 161
3946 3951
4052 1466
5887 4382
751 1114
3667 1001
6820 3501
5212 401
2270 2852
3199 2263
983 5075
2096 3058
3181 2859
439 4140
2661 4253
382 3863
462 3379
4631 2309
3760 2989
4339 2634
1555 2442
2997 2194
6044 661
1140 3571
1687 890
6801 3848
6607 2074
2328 5652
438 2526
1524 3308
3299 933
4239 3507
1757 230
988 6008
2349 6389
1508 3946
303 4018
4815 5783
4361 5244
2480 2301
1246 1221
6572 163
1028 5610
4055 6516
2120 5180
3289 4981
4072 6248
262 3481
2588 2432
5590 3759
5493 6572
1673 5461
5455 1576
5418 6740
4639 1127
6526 6735
3081 2300
1132 775
2367 351
2488 5594
3561 6010
6356 5479
3258 466
1865 4045
4155 4750
2812 4257
5954 2564
778 516
3622 802
1530 2226
6245 6848
1556 2951
6703 1637
1816 3690
2188 2135
5356 4017
27 3491
5707 5122
4588 626
3904 4211
6274 4176
1664 6833
1747 3664
2895 4572
4752 2072
4073 3863
6582 2432
4761 4332
6080 3967
1843 2610
1743 3140
1471 4776
210 3026
4352 4490
2804 3617
281 3884
181 927
5550 4731
3165 5517
4993 1635
5952 240
1129 2604
6843 4874
5621 2375
6720 1978
1836 3871
174 4971
6549 4422
3934 4885
5131 3611
3015 999
4645 6155
3424 4103
4628 3
2226 6862
2685 322
1232 2793
3566 1750
4080 4911
2856 285
4660 3659
12 5741
5957 3148
3668 5705
1324 3493
6875 1099
93 1297
4037 3401
6165 3220
4028 1247
1334 5688
1791 1036
2880 5341
3753 2510
2089 5973
1743 1250
3589 5273
5969 854
6401 6264
6583 2182
430 1673
2474 1427
6171 5538
3731 4564
4309 5913
1318 1504
4608 4048
4759 3852
4404 5625
4190 1452
1387 3643
5467 6360
4776 4168
678 6811
3011 6364
2045 5469
4512 3072
2401 207
5181 4638
1294 4412
1757 362
3300 2192
2823 3705
1786 4439
631 6332
4267 4532
6597 4931
4898 5287
6174 4188
2914 6263
1103 2035
571 667
3639 1585
21 2600
3495 2487
5478 6074
4725 1554
2565 4840
5386 1465
6808 287
3378 876
4535 6222
3706 642
2426 2782
2563 3926
6687 85
2760 999
3607 1158
5806 1754
685 3518
4165 654
5941 2522
3611 6375
6108 5976
3032 586
1894 4903
4124 628
6400 891
697 4220
2286 3999
3597 721
6086 3204
6785 3565
4510 5603
835 3806
3738 94
2591 5452
5359 2545
2027 5607
6192 5933
1473 3490
2102 623
2811 815
3417 3071
4943 5051
104 6754
142 3716
4459 3877
6064 1533
1252 4992
1905 6386
109 6857
2743 1914
5750 914
2499 4906
5596 3788
3780 997
5651 4860
3726 5770
5551 943
3336 479
905 6026
5232 6555
5390 3442
3548 6739
4839 5368
5853 2621
6254 1871
707 1087
294 5659
5093 5773
1353 6355
4500 1230
3099 4089
4409 1947
5142 4287
4112 6561
6154 1105
3576 1609
3708 153
5051 1930
1628 989
5214 6717
920 6184
2565 2846
1826 5726
3826 287
1159 6304
6629 6418
6126 2992
5459 1942
6793 6485
2725 5133
4640 3657
6845 431
4852 2607
5038 2209
2273 4347
2631 962
3495 4106
1994 1032
3336 3492
1269 4175
3772 806
5848 919
3350 557
4448 4385
4691 5208
1694 3782
3723 3589
3809 409
803 5417
6254 3259
2078 146
4730 4948
4426 4690
1726 2705
2196 5238
2915 921
4338 655
1452 273
1300 31
3397 3905
4157 1852
2722 98
6874 6798
828 6424
3836 2600
6190 4565
6365 4218
1932 3661
2892 1391
5305 446
6105 3027
4835 1075
3812 723
6289 6272
4723 2778
2063 6832
3115 1072
4600 107
5845 660
5884 5483
6716 3866
6006 1263
3272 1946
1342 1657
4503 144
5123 3416
3430 355
943 1818
688 3374
3496 5884
2548 1255
5122 3021
6197 6312
3370 5595
422 6093
3383 5336
363 737
2656 186
3700 3049
589 1198
2104 1463
5275 6135
4169 1610
2466 3018
6851 4354
2385 6861
6191 4219
5986 1522
75 6566
2456 4713
4691 2990
6827 4444
546 3861
5707 1379
1986 4923
1857 967
1079 858
6174 370
6693 6095
1786 238
3245 4256
5822 32
6385 2070
5407 3644
5372 6835
2333 1694
3836 1401
2922 710
3150 4445
6616 4802
4845 1772
4542 6242
3168 1063
2939 2133
5451 4081
1664 2212
3499 1950
6101 1199
412 783
2240 3725
1366 4559
3011 6794
6061 6670
3984 5507
6586 1100
5165 6019
4563 800
4571 3096
5988 4490
1378 6154
520 6635
2326 4486
1159 677
5273 3486
2076 5709
2208 3987
3313 4962
5185 1735
5468 4565
4760 3369
1749 2325
5262 5811
5388 2982
5654 5597
3619 5951
5208 2241
6694 301
6212 2205
3527 4365
2760 5819
1660 398
1715 3969
3275 329
1682 1497
4063 2145
5265 185
4965 4527
1897 5441
3445 6661
1521 5419
310 3196
4312 1268
2068 2232
5308 2222
600 6363
4541 1380
2744 4143
3898 5735
618 2556
4953 3266
1064 2160
3750 6349
6579 5186
2143 6219
6435 6642
3389 2947
1222 70
2115 1783
589 325
6704 199
4045 5456
5861 4187
4566 3440
4767 5776
3679 6585
4504 1306
57 2973
5914 3628
4255 3968
4275 2136
369 2393
6866 3954
5395 3251
3118 1591
790 299
4720 2014
3630 3052
2435 4701
6877 4242
5321 156
4819 1593
3109 1106
5506 4725
6354 6631
6138 6228
2285 6056
6355 2667
4552 1857
3443 49
2203 5676
6439 2625
3649 3568
4111 3005
5677 2224
3101 3601
3988 3822
1847 5948
5569 4682
4523 5588
3398 263
2605 5257
2825 4136
6454 3255
4460 3726
5169 1775
1476 2996
4604 4940
1488 4380
6167 1998
2458 1728
5309 3618
5166 3961
71 1719
3360 5052
5338 6873
1096 5484
5450 521
6041 2724
2957 5910
1148 155
6460 5949
4475 3380
3357 1157
2511 3297
2542 6382
1468 3912
4076 1619
2138 1443
3587 4603
4357 5923
6592 4918
2755 2026
3778 2107
2420 1962
5701 4299
5494 5862
6330 2439
5803 540
5938 512
6096 1043
602 4805
4515 1302
2239 6460
5371 6015
6632 1598
2282 1229
857 5682
2790 1384
5790 5130
5915 983
1886 4824
4296 785
2622 1205
2730 3975
5762 3421
4839 947
3887 2937
4474 606
5887 1181
2854 3264
2284 6724
2656 5728
2295 2301
3254 1329
1833 3082
70 1546
3315 6817
2085 1419
889 5549
6690 4006
426 2455
2782 4990
2029 22
3533 4806
5092 3979
5908 3446
4022 1642
5002 1098
4049 1349
2016 417
956 2342
6643 2037
4723 4480
6210 3441
5502 200
326 2940
2282 4153
4039 106
982 2522
1479 4942
4505 5572
2390 4441
268 2750
1570 6221
948 4509
1789 3552
478 3482
6053 665
6667 3163
2442 782
3397 1111
6660 3250
6543 1621
1090 4182
5089 1907
2229 1568
2234 1201
979 3734
3912 1218
1655 5953
5714 6609
4217 5973
1573 4831
2074 3030
666 3623
4868 3395
2977 1492
4859 1446
4448 1737
3484 4850
2764 2154
3118 3499
4310 1267
4863 3429
6145 42
1502 6114
5420 1133
2920 3879
5091 5016
2799 4722
6068 1534
2884 3711
5191 953
613 4570
1032 5830
2815 1536
4513 3039
2270 2075
579 176
4308 4523
5521 6256
3372 1785
1669 6727
1422 1298
6200 6377
3230 5573
4027 1293
4752 1326
2862 2087
1945 361
5217 2057
102 1182
5868 3573
2251 4363
4407 2272
6404 6821
6850 1503
79 2504
4028 3520
1431 4848
4771 5595
5602 5839
5619 6459
3504 4374
144 6802
2025 5535
5260 6155
5267 4031
1582 4546
6630 1725
4236 4928
5022 4726
6009 6706
6843 2783
249 901
4887 5172
6757 2814
4948 4329
6017 2540
6595 5765
1297 5099
1313 1856
860 2547
4542 1539
4571 5120
6036 6087
3815 6134
5271 2763
2650 6551
6028 5242
6752 3904
3876 3271
4996 2911
3241 789
2950 2264
4307 630
3077 2453
1676 2669
4142 3858
4915 4499
5767 4858
4694 4316
4746 90
3766 4260
2928 2800
5999 4790
1037 3798
6777 1868
434 5642
680 4873
3606 531
3756 1421
1939 3290
2353 2837
6591 1500
4963 4061
3546 4376
3081 3582
652 5044
3467 786
3890 2812
2995 530
848 6596
2664 4408
971 2885
3602 3368
1056 3274
4092 1056
1220 2599
632 56
37 1633
2792 4290
6399 1851
2396 3103
6308 316
6473 4263
3404 1622
1979 4846
507 3246
4886 5535
5766 6059
4605 4983
688 471
2919 6382
1188 4401
2852 1663
4517 1217
3751 3152
3285 3122
560 3406
487 3685
5525 3878
6739 4346
1305 5899
6107 1805
4768 3151
3509 6847
5175 1336
6447 3748
5007 1283
5664 2294
4987 2562
6576 2507
1936 1910
3326 3613
516 5468
6146 6209
3314 4552
6614 3224
5966 5835
5400 3680
3096 6150
4134 1191
5770 201
5327 3456
1115 3551
5519 1200
5261 6786
2292 5284
4451 3376
1370 3483
2683 613
1325 1626
2603 3232
3907 3454
4530 5697
3616 3318
4974 2007
2156 2201
2233 2355
3013 455
1394 4192
937 6367
886 2452
1866 1264
1479 4979
5536 4453
2406 721
2928 3574
5892 2340
402 5920
3079 86
376 5708
5661 6006
5544 4892
6487 427
1624 5120
3536 1037
2982 6681
4273 6429
3132 786
364 2324
5121 2934
3877 1425
670 5486
4933 1775
6347 3221
5590 1752
1420 2792
5848 2834
5424 5626
320 5665
3908 1717
4826 3000
4529 116
3423 2410
6540 4366
6674 4947
5540 5170
5960 4020
1493 4756
3242 6775
3419 1212
6685 6240
3910 4438
2019 6656
6201 6429
6051 6016
4758 783
4244 5364
6847 5427
6668 192
6415 4789
1358 4764
2842 916
6593 6180
1130 6112
1339 2088
4975 5385
2015 566
3028 6492
1509 5694
2930 578
2587 6242
1916 4109
4239 3151
1075 5319
3287 4878
4393 1961
250 2496
4963 3928
4161 1917
6763 1333
5823 6835
4023 4012
3618 2059
1219 679
4801 3670
1584 355
6302 5698
5911 3743
1104 2940
29 2040
1026 1363
3167 5672
2455 6438
672 2017
3687 2308
5964 6806
4221 2132
6723 3825
3747 3991
3503 1588
4015 407
5732 4330
658 5752
1492 4480
5175 2632
1123 668
5013 2398
2843 4215
3514 2755
2692 199
6435 4501
6176 5922
4835 6063
4390 6013
924 6563
6580 437
3789 3844
198 1784
6514 4008
5169 3688
3133 3739
4165 1960
2213 6128
2381 1275
1141 704
5200 3476
3585 3082
3891 3553
567 6288
1003 1880
1085 5634
3098 4319
3796 6720
5043 42
5769 3724
77 6326
6196 877
6113 5962
6555 2001
4717 408
6238 4481
996 5675
5515 4403
2979 1831
2905 2310
2900 2535
6790 3200
330 1350
6464 1290
2346 5757
1883 6418
5274 4822
5413 6062
616 168
4086 5469
3225 2531
4173 1165
5837 5158
5998 6742
4470 2014
6666 3891
1231 3881
2101 1925
3276 1105
2275 885
2283 6184
204 898
5526 6323
5448 2946
4170 626
5186 5723
5868 3135
5733 874
2682 2930
3584 3649
2276 5063
6587 2774
4920 3042
917 1202
1540 4273
1612 4515
3648 5465
647 3327
5006 3537
5442 3851
2515 1322
2391 5243
4269 4998
4316 1083
1045 1990
4623 5248
6216 4095
3077 4902
4530 220
82 6588
1273 5497
5449 1401
2246 525
6086 2492
3125 2937
2750 5533
2910 5603
1552 927
4688 3774
4435 4987
6495 972
2898 3626
2762 3978
3240 345
5924 341
1808 1119
1189 4021
3279 6609
2356 6348
245 1522
2756 5337
3364 5043
4440 3087
4475 5102
2828 2196
4569 4969
2425 4424
1305 2742
2597 3655
3045 1154
6042 2158
930 1244
2266 5086
5591 4593
1148 4621
3342 4461
1859 1429
4317 3608
5231 4985
425 1931
6224 6631
4113 5509
3233 4160
4689 3797
4331 1013
2254 3107
6414 2840
374 6861
5143 4449
2461 4062
2392 6874
4603 3886
5 785
6266 1313
4516 4910
4032 6554
3424 4479
5633 3657
5403 5162
1902 4568
1711 3696
257 779
2172 3458
3635 922
2703 3413
2979 6747
4418 1171
3261 5639
6214 2528
6721 1430
103 1181
6639 1410
4857 1426
259 615
4452 2475
2547 4371
5776 52
1702 5480
1845 3772
6093 1153
5809 2529
1109 4545
2721 5632
5604 1443
6374 4466
266 5329
474 5119
4573 3244
4004 4823
1826 3206
2296 3786
764 4202
4240 5264
5173 2519
4241 5972
4451 3059
5367 1131
1608 3739
3300 1063
3174 5422
1280 2773
4967 3103
1961 5636
1131 1024
5078 5997
1605 6214
6263 1979
6164 5108
4447 38
6353 3924
5150 3959
481 1551
1270 951
4628 5226
4971 5151
2013 3248
4 5265
3363 1113
3921 3133
6440 5128
5871 1637
614 617
4048 3777
6708 354
6688 3636
3214 1314
1876 5230
5977 5450
4711 321
6287 6877
757 4127
6749 3291
6025 6456
1416 2215
2690 803
6792 4755
3349 5066
5402 4358
1766 1527
1508 4879
4303 5575
3172 787
5894 1116
6247 4191
6830 5877
4363 6624
5575 3365
5152 3634
6317 5453
1505 1813
4766 2670
5277 6037
403 1436
5542 3355
2643 5083
1830 494
101 6103
5411 4382
6541 2372
2558 1040
5555 5985
1373 3354
460 4671
536 2044
4117 944
2043 59
4434 2429
4708 6490
5797 2305
2323 6625
2575 6284
4844 3581
2570 6692
5161 5719
523 3635
5810 5028
209 1618
353 124
5292 128
4860 3022
197 324
736 3543
122 912
496 6482
5058 1084
1661 5235
6286 4807
393 2758
1311 3047
1304 2056
4207 5867
5401 5046
5346 5540
773 4783
2313 585
108 712
83 5617
3677 3145
5368 841
6380 1988
6640 3562
3673 1060
4151 6507
5942 6344
4656 5379
2292 3382
2615 3730
2214 2030
6202 5347
4910 4809
4681 6252
5623 6648
3671 3481
3384 218
987 2718
4641 5543
5574 6569
2050 372
463 5339
1640 5713
6 5232
544 4763
3212 1341
4493 3724
3791 1289
2149 4866
5920 1992
1507 3779
802 2171
1208 6365
5402 6408
3064 2114
5643 2758
4215 6815
4733 2051
1395 3911
5545 2680
6481 193
194 5742
1089 707
6546 1249
5958 6396
5303 164
1296 3568
4187 251
1572 1478
6253 4356
2104 5946
2651 3213
4417 4285
6409 3377
1758 4080
3304 758
1451 5684
6189 4287
3856 4728
6341 2802
5252 4732
5824 3422
2015 4123
3068 4546
2618 6076
1848 2581
1478 5834
1800 2070
3852 5373
5560 1674
4897 4855
5912 6074
3450 4297
6163 6132
2633 2404
3850 6084
6148 5647
5723 159
3531 4964
6527 2497
2526 5740
6337 4001
5813 1008
852 6385
3693 4511
4183 6256
4022 5580
1896 1955
3603 1615
3146 6448
6229 1603
3573 4276
4727 6420
2414 2112
1623 706
2976 6359
6146 2271
650 3825
4849 3535
1281 3893
3755 1606
1829 5019
5691 5828
2739 3311
3139 1994
3198 201
3298 5724
4188 2640
2630 4402
2677 4442
2893 3147
5883 6787
4051 3196
1052 3847
6283 4264
2596 924
5814 207
1616 4498
1029 5005
6753 3788
2481 2178
6844 3092
2660 4010
1213 6743
4692 150
4456 4674
6406 6236
2561 3127
5453 6489
1389 2043
5475 4425
5192 4282
3166 4879
3478 340
423 5641
5428 1820
2920 3160
2179 633
1666 6395
5875 2645
3457 2644
3521 3239
5192 468
1905 5840
6448 6398
4812 336
5755 2729
4857 752
3515 3370
5499 4487
6690 3952
6030 612
1351 727
3894 6014
4742 2256
2189 251
6411 1290
3884 4141
771 2506
5559 3818
3637 6402
1659 1651
5666 556
1751 1210
4620 6611
5583 1273
850 5157
3521 1898
1223 3310
4002 187
4291 1967
2000 5384
6871 5351
2903 582
3999 6307
5739 3671
1307 5785
6111 1703
4680 954
2521 4227
1968 2284
4353 486
689 3004
3614 284
6392 6461
2452 233
2409 3882
5285 1798
6037 5491
1691 1448
2899 4122
5320 1581
5557 913
5480 2501
6013 3076
419 3328
3832 1923
2158 2467
3864 6854
5882 5390
6498 505
2501 4706
5643 1586
1908 929
6790 3743
3914 1959
5582 3405
4212 6521
2052 5502
5813 553
4804 5022
4834 2420
2833 3100
2097 3506
4889 4304
6390 5426
821 1506
5420 6705
2814 3309
3319 2771
2430 92
1151 1047
293 3758
4922 2855
4709 3001
1742 297
148 1472
2980 6130
646 4083
2627 4834
3164 3250
3534 6731
2091 2376
3448 1678
3979 5172
2278 3794
747 5064
117 3141
2800 5311
3619 6405
2412 5899
4166 4580
5811 2649
5425 622
4693 6379
6383 2303
3529 4212
5743 4430
1639 6104
5112 445
3138 6500
3596 6513
4825 2359
3107 4283
2100 3348
6810 602
780 3875
551 4810
5473 366
844 2719
4600 3120
5982 166
6781 2416
2431 1852
154 3210
524 3459
6126 2870
649 6057
3055 3760
5111 4373
1438 131
3696 987
1459 2380
784 2904
1071 5243
5754 1563
4625 4781
5805 2059
1914 1514
3763 1231
4950 2503
5301 4115
798 2185
367 54
5906 2050
3134 6329
5393 3010
6548 6616
605 620
1879 4786
5666 5804
1695 928
4105 3872
883 1152
4632 411
5827 5768
3474 6713
3180 1157
2418 3508
5589 1357
4939 1376
2107 6691
2135 6649
394 905
1829 2113
6818 6028
2581 6740
2770 3964
823 4569
3330 1298
3448 3038
3570 1154
196 738
3386 5932
4392 5547
3142 3633
1116 6795
1460 4107
1676 5334
5410 459
4392 485
2170 3191
3108 1863
6717 4738
2402 2902
2092 6186
4637 6704
946 2489
375 4484
4820 5789
834 3377
1179 2510
3313 687
4276 2374
2865 6218
1526 2559
4712 3715
2646 5576
2343 4642
3972 901
4685 810
3806 3821
1765 1896
581 3110
4428 3331
763 1850
4329 745
5512 6668
1985 4978
1399 1746
4148 1538
1654 1884
3935 3690
1226 126
4286 4343
4747 1823
6560 2763
6366 1460
2117 367
2686 671
5521 2207
2673 3583
1464 6054
5386 6682
1048 4634
2614 2865
1143 1574
5087 6419
4271 6161
3179 4351
475 1573
794 532
3894 623
4010 346
3471 3154
4417 5149
2030 6510
2183 5637
2560 6027
4830 1139
1007 5769
1396 3757
1124 6306
4596 1668
4470 6238
4159 1947
5292 795
2154 5900
2444 6062
6252 6756
4368 5775
5543 4109
2922 824
1112 1542
1544 220
850 1253
5317 2187
4317 1601
2355 4954
6741 3146
6750 4570
328 5456
1328 6833
5370 6136
1389 1660
1206 5949
1081 1792
1233 1195
1834 2617
1597 5166
4782 829
315 4706
676 1415
6005 5616
5649 5074
2055 4520
4124 2495
3531 2797
6042 4432
403 275
6778 1264
731 4100
926 6518
1372 4110
5272 4347
5814 1822
483 2524
175 5860
2844 4609
197 3598
4231 1825
862 2530
202 1612
1998 114
4387 5060
3208 3129
3349 3827
3428 208
482 4052
1510 3588
3689 4482
2601 3804
6773 3596
4121 2845
1632 2590
5872 5696
5893 3834
4618 1445
1915 3969
2628 4342
5134 6135
1681 1527
770 2907
5587 2693
3765 1123
2371 75
5749 1578
3258 6241
6620 5162
1198 4952
840 2557
1033 245
2523 5399
5458 5751
279 2913
3507 2131
5045 2853
5856 2628
2268 5328
3494 4493
6533 4313
418 6777
6036 2131
2095 4976
1274 2069
5365 6648
1655 1248
5457 6472
5573 4833
1045 4125
4496 4854
6575 6757
3350 2449
3074 5284
5896 2221
4715 1958
6251 2890
1609 3590
2797 2555
841 973
2280 4784
5479 3944
1759 1512
3455 2366
3705 5808
1686 3989
5805 4313
3439 2032
3281 5722
5234 4464
2917 6345
2605 876
3952 4161
2047 2345
3233 5289
3754 1195
2445 1899
3869 2866
2294 1030
1330 240
2655 6362
338 2606
996 5509
6317 1042
4413 2184
5614 807
2280 69
5804 4964
1846 6791
1778 1476
1437 1477
3426 3157
4502 3408
2086 1215
3200 4330
3897 6291
4683 4471
1437 2905
40 3128
6622 3067
476 4821
3965 4207
3653 1082
1672 5903
4060 3864
3754 4360
6354 6641
5408 5429
5281 5706
1062 4592
3089 863
965 2373
1204 6557
5721 3089
4240 6165
5488 822
5822 2861
1748 6002
5986 5183
1161 418
1771 436
3523 593
427 5144
818 4312
3411 2532
6310 5138
5034 4595
408 6574
2305 1208
619 3948
3526 1502
5400 2834
2691 3750
4226 3656
1396 1699
4681 3085
5661 2009
4199 5733
4601 1515
2585 2195
1789 3371
1205 3194
3527 808
6792 4327
3641 4014
4121 3793
5037 4778
1559 3803
5039 5075
4510 3826
5933 5650
2490 304
5681 5393
5950 2572
884 5785
4716 2320
5298 1174
5519 1304
5487 3434
1134 2864
4038 4278
4841 2779
4128 1321
3407 2795
5372 267
573 4039
421 1455
6504 2822
4989 6091
3603 5630
2118 1506
2909 5011
3139 3137
1369 6486
5268 1065
1855 5436
3854 2578
350 2170
389 4149
98 1277
2687 1142
2754 2707
495 387
1674 395
2029 539
1823 5195
669 4830
5718 6050
4872 6870
2129 4575
1974 5916
2265 1149
1193 4988
5414 2496
2028 3269
6067 83
504 3563
2765 3980
6323 3524
1550 5981
5820 5225
6380 4455
1557 5774
6178 1809
4419 6482
1365 4696
381 3403
4851 3519
4467 4794
1999 2137
3899 6618
4616 2634
2065 3540
4461 3110
4186 3829
833 6457
4440 6533
4158 743
4349 4065
412 6573
1980 5863
856 852
2998 641
5580 4697
3769 1243
5263 5281
2850 4768
2087 4662
348 5216
4416 6004
6346 5815
727 5136
452 4314
1611 3528
1661 5278
4384 4739
563 6522
2528 2966
2325 137
6225 5388
4247 2803
5294 4459
740 3764
4674 6467
1787 3819
3729 760
558 424
5787 4378
4501 4543
2190 4253
61 6131
6246 3094
2753 2380
1042 4699
4531 683
3192 2916
3709 2376
1684 6789
464 6424
3038 1196
1263 2057
4876 5898
6152 3896
5451 118
1656 453
110 3656
3474 1976
4733 1376
1280 2690
4228 286
2661 2291
340 1744
1790 4322
3681 2614
111 6251
6872 1177
5229 5747
624 869
541 4003
4257 6612
3473 2818
4799 1594
4598 2669
1949 5335
6183 3462
4890 5193
78 5015
1352 565
1155 5644
1876 5110
3541 4545
1284 6793
3950 5220
4560 3005
4933 39
1323 2431
3906 2066
6547 2630
5729 827
2076 1417
753 4747
3528 4293
2651 1667
736 4427
1188 5880
1163 1095
6033 4848
2570 1262
3606 1721
71 826
5605 2717
4785 433
533 2423
1412 2962
1549 5383
5881 5793
6423 5596
5598 5665
5749 3325
2841 6414
2394 6259
4643 3095
1237 2842
5279 3932
2857 5988
3990 2199
3803 2328
5569 2969
1643 2173
5211 472
4061 4655
3106 4843
2701 87
2285 569
5800 1545
3056 663
5193 5204
5975 2737
1920 655
2927 1777
6081 959
6403 4692
3535 4386
2261 5498
3973 635
5014 4074
1004 2722
346 4594
3437 5548
6047 2012
6516 2642
107 6461
972 5493
936 4882
6837 2314
6871 1567
778 1779
2138 2700
3609 3725
4294 2018
1621 1980
5314 3046
5358 2493
2896 1720
1225 5611
4300 5376
945 6319
5113 6633
449 4091
2071 2306
3236 974
1101 1426
105 2378
2458 232
2073 687
5786 3517
1861 6548
871 535
4731 5463
4708 5014
832 5424
6058 1191
1054 435
5354 830
2225 1319
4385 6016
3053 4878
4210 820
4443 3794
3755 3359
5366 6142
1518 2821
3484 4950
5209 5001
1751 1906
2117 2168
5830 1702
4828 2912
5080 6116
4205 1869
3050 6606
6223 3176
686 432
2517 2536
5411 4372
415 2309
6388 4890
3460 3257
792 4974
2975 6673
1800 3728
1474 2689
645 105
683 6110
2149 6759
374 44
4912 6296
1838 5035
2933 5307
684 5485
6675 6542
4887 5033
5097 1535
5264 5255
1741 896
6258 5631
5711 2468
1069 2678
1070 4152
524 2202
3709 4592
3308 3273
2597 5801
2257 166
4341 1935
414 2787
1184 3861
5446 249
1241 3841
3380 5872
6040 4465
1958 3246
1922 2828
6650 5495
5184 939
6445 2323
4391 4279
1367 6290
496 4267
2428 5342
3229 1553
1513 1569
5409 1288
1238 4497
4209 4088
5568 555
1091 1014
4589 3073
2362 4362
4849 1040
1839 5668
4098 995
6846 650
2002 500
176 6073
5726 3883
4408 2871
2218 2773
3455 1683
2799 448
4702 1858
2813 3901
4912 4429
3631 4619
5960 5477
5293 5152
3558 694
37 1021
4195 3148
6152 1489
3882 3245
667 5923
2715 2334
6550 1511
809 254
405 6194
2988 81
5936 185
189 495
3795 1553
1020 3866
3070 5520
1781 5240
4473 435
6374 5647
5614 5212
1439 5855
1186 638
4646 6660
5059 842
5627 4871
6520 5847
5709 5061
997 4935
3616 2403
1987 1798
2885 4226
1652 3408
68 4881
6058 3498
1244 2151
4435 3163
1594 5145
5849 3756
4748 3185
52 1915
3360 3981
2611 2638
3381 3320
3946 5380
3296 442
4842 1507
2883 2427
456 5446
5756 5571
3160 4189
6043 2386
4057 3078
722 6497
4883 2512
1044 5800
2963 6864
5435 3844
4529 6147
1380 2541
1530 3685
6099 4439
5541 1038
2159 5662
986 183
4814 5255
2477 1900
5077 818
3493 398
2827 3769
3083 3648
4813 2648
2317 6409
4005 4579
308 3714
3403 3544
2210 6433
2838 1797
5865 1981
4645 4947
1581 3271
861 3195
4673 3447
2768 3719
4973 6249
260 5501
2697 4783
3776 4736
761 4583
1364 1567
3478 4773
6869 72
4454 6503
1575 5979
5104 6584
777 832
4369 2382
1721 4345
322 1279
919 4011
5259 6021
313 1620
2945 1919
5507 4710
3116 5679
1608 1000
2498 6282
2683 6663
4975 3028
5458 1589
4339 4386
6733 678
5857 6530
1458 5290
5427 2237
3805 1730
4638 3764
2494 3044
6642 1172
2490 6630
432 6714
6749 493
1153 3972
6187 147
4797 4194
2801 4324
1671 2779
2433 4075
538 5103
662 379
4641 4140
5742 3571
5385 2983
2288 4368
6637 234
2513 5904
2860 6639
822 6725
6675 4951
5198 6403
4361 6742
5616 1436
6372 3930
3632 4573
6185 3184
2589 6195
4341 2298
792 5272
170 1580
1821 6029
4155 6089
2128 6231
2626 5578
4624 3149
5348 6575
4999 1537
2801 3915
2387 5240
2577 2250
1258 2882
2610 520
6878 3773
2535 4777
339 1475
157 385
3853 4118
3487 849
941 19
3158 225
4671 6694
3934 6462
2693 965
562 248
4760 4646
569 6240
3920 5638
598 1831
6839 3405
4796 5003
5423 3480
6069 708
3075 5020
6480 4734
4826 5256
767 3111
5628 2005
6621 590
4774 1018
1541 3949
4074 1712
2387 4411
6005 6172
451 3231
5592 4232
3595 1638
4415 1361
3268 1871
633 1055
4969 3075
2606 110
5013 6451
4991 3710
961 4491
992 1845
2314 1525
1440 6079
6607 3511
5663 3382
5440 2863
5993 4578
5085 1803
3261 3638
3046 6649
5826 5282
5741 90
6425 6301
599 3663
5253 4032
5323 2863
3361 1161
288 1404
982 2959
6103 116
1663 2304
3833 5690
3688 3254
2769 354
5023 2090
6807 6075
2056 2948
2141 4810
1014 5389
1666 1734
3834 5693
5889 2851
5624 162
1748 3090
2315 5669
648 4457
1058 3627
84 2244
4138 1342
4078 3818
4150 5024
2713 6754
1887 5079
652 4829
1221 6821
6478 5155
4918 392
882 2848
5410 276
4612 2671
4274 515
6658 5691
4251 5508
4328 882
6188 2407
3345 6425
5251 6260
2580 3341
6243 4084
5254 2953
6718 6509
4944 5997
6055 1348
6329 6445
127 2147
4272 3248
5228 6476
5551 22
1018 5404
1540 2762
1756 4436
5380 1466
6534 884
2539 6684
3848 3315
2627 2672
518 6714
1665 5079
3615 3733
5865 5026
4306 5382
5055 3278
1467 5025
6215 5044
2849 3144
1299 5135
1793 1617
4991 4675
3098 578
1268 3678
773 3188
2262 2281
6603 5912
5357 396
5087 6366
6082 5435
4699 3636
6341 702
164 6376
722 2533
3058 4663
2408 2984
5331 1723
6267 4108
2921 6701
3386 2555
6615 6049
3031 2092
6235 4538
2330 5447
6421 3843
4288 2144
1913 4554
1703 4919
356 5270
6439 3600
60 3025
5174 5587
109 6520
6676 2077
4787 6362
5061 4222
4525 942
2354 6738
1084 2038
4621 5471
1562 5642
5156 4511
592 5671
3366 4712
5268 1833
5571 1873
902 666
5693 502
9 3542
208 1842
4491 6057
944 3558
2347 2444
6373 2215
1837 4750
2478 4777
5618 4978
5474 5565
3869 3785
6822 5729
5555 1349
1011 3368
5853 3344
2199 1355
1668 5685
6293 2688
4507 3595
6063 888
4574 152
3670 1074
3746 3209
1982 156
5577 4433
2788 5655
5962 2682
3880 3113
2012 910
4656 4258
526 5360
6450 99
3410 26
6622 770
3592 745
1531 3018
1286 4223
18 3251
3122 3745
3566 491
1883 4236
1617 2906
5328 286
1431 4438
6038 3379
714 6358
6121 5369
6806 637
2986 1
4669 929
233 6512
6250 5782
3404 767
5485 703
948 2116
6085 5812
5362 5432
2021 6247
4795 2182
6846 4615
5593 1819
1164 2877
4578 2047
3280 752
482 5397
1568 1796
2757 4614
5918 6279
5563 3452
6278 6373
2942 1640
1616 2518
3188 4244
4875 2697
3468 2822
226 3235
6203 6829
3217 391
5791 916
4813 825
3517 6108
5293 3574
836 124
5866 5850
345 2853
6066 978
971 887
6488 2105
2808 4237
6565 5306
1180 3799
3629 5330
3519 1365
5279 3718
6392 4640
3586 6730
4595 238
3387 5249
5566 6397
3477 4540
6709 4721
5439 4845
498 3303
420 6102
2711 3171
6102 1965
65 58
2470 3735
5593 5963
2638 2033
441 1314
2155 6065
3870 6132
1152 3208
3694 4549
2206 5157
5350 2809
3265 6090
5951 1887
958 2348
1759 2166
2161 1659
4858 6134
1795 6339
5140 2463
5657 333
4072 4925
606 172
1697 6592
2731 711
1132 1483
212 4393
3643 6131
5695 5939
1327 545
6468 4611
3343 6034
6257 5181
4064 4694
5646 741
6143 6001
5215 334
1879 2331
6219 3086
951 3469
6611 506
6268 839
6349 4548
2415 3511
2729 6308
2022 5961
3100 4618
5533 1048
5699 2791
2745 5500
2275 4828
6587 4566
3119 179
4996 6300
5965 2402
4237 2938
2360 3170
3697 5071
5698 3534
4719 2810
2719 3180
1554 5652
3544 2069
6281 993
1631 5322
2854 3975
2267 4554
6427 3312
1234 5687
2045 541
6173 5150
3998 664
6296 4100
684 1219
294 4139
1817 1716
3604 2672
2744 5886
3752 5226
897 4793
4534 733
318 3164
5945 4196
5129 2156
4054 5657
2500 1528
1770 4367
1285 3843
1944 6173
1216 2601
3845 4930
1265 2322
6466 1890
3006 1990
1848 2041
1252 4764
1698 3189
1602 6428
2174 2032
3132 5879
414 3761
2710 6796
4323 4601
4014 3214
5048 5881
1128 4139
1841 6426
5496 3136
4593 6267
2714 5375
5802 6166
2415 6217
4199 6276
6581 769
2003 6211
1398 4924
1212 1176
6257 1686
2478 2735
4755 5204
1457 5496
1054 6511
1489 4503
5178 157
3666 3652
653 1146
1832 4720
1993 4891
3218 2234
2038 5648
5549 5443
1618 6870
5050 5501
5708 4360
1860 618
5842 4397
4707 5672
3482 1505
1059 3249
5514 6476
2448 1846
1192 3282
2898 5196
1393 3931
4957 5415
1179 1347
5926 5835
2875 4785
1901 180
2363 69
5001 6617
870 3275
99 6177
3137 3270
2552 5662
440 342
5319 6566
3392 3961
4328 5784
5562 514
6863 2778
2036 4560
1547 6230
5109 3707
1953 5461
6332 429
3413 2537
2502 3267
3973 4977
6144 6398
2146 6047
1418 5905
6816 6540
5382 1044
4917 2934
6270 5017
6746 4710
2991 5340
1227 4200
2704 6868
3007 3567
2006 1892
1353 1428
4661 5622
6148 6088
4049 950
2271 725
6652 6624
5500 3376
3660 5262
371 1630
590 6463
1499 1144
5096 4160
1782 2469
607 5116
6696 4018
3652 3267
4758 5146
6755 6514
6280 4636
1683 3187
6644 4913
962 4091
1292 4225
5690 255
3735 1515
2975 5425
4804 1904
772 4519
2860 3942
5802 1126
1021 6597
2220 552
4359 3853
766 991
3238 3143
6236 5179
3114 2675
4118 4956
2929 1806
4589 3172
3463 6778
3243 3956
527 559
4027 35
6198 5340
2525 2708
6505 2897
4250 2392
4732 3718
6395 2255
3641 1047
4647 4144
6725 3084
2537 4958
4850 6674
3119 3593
555 1303
6594 1413
838 6022
2473 2559
5581 3171
400 4997
2336 314
129 2951
2303 1067
3388 3623
1718 239
4498 469
2034 3923
5396 1970
3744 1261
985 500
4945 3091
3810 2737
3741 6571
5245 5704
4670 507
6557 3265
2616 1929
2052 940
3513 4872
6211 3420
5117 4756
5991 6703
1622 934
692 5078
3483 448
266 6229
4225 4302
1911 2574
1449 1875
5494 2648
3165 5757
713 1532
1357 2813
1856 1854
3542 3997
2243 2784
5160 1670
4528 1767
5289 6200
693 6699
139 774
4270 2889
1563 4730
5142 2820
4288 4822
3409 6230
955 1643
947 3284
64 4319
2561 488
4016 635
2066 762
506 3262
3247 5194
3161 177
112 2748
4698 4668
517 988
5969 2119
5093 3532
5620 2185
3599 5320
4915 2040
4399 544
3205 2003
631 6599
2686 3097
5618 4197
5220 5958
108 6310
4965 4644
690 465
5674 3842
2454 3304
5736 4502
5105 5115
3628 6795
3683 2046
3400 237
3295 883
3941 5740
216 3476
5025 5270
6521 2357
2413 4908
6299 2907
879 2999
4543 2247
5924 2500
4376 6261
1209 2125
133 1761
6213 4442
3307 6727
1016 3129
5584 530
2870 5026
4479 1867
4354 5870
3871 3939
6558 554
2193 4867
5029 1613
6841 318
3695 5950
4955 6680
2679 1909
3417 5656
1072 682
6186 3810
3992 984
2616 2350
147 1321
2105 4961
2274 184
1524 4000
6474 3680
1245 5408
1814 5807
6813 2337
3990 1358
6800 2766
248 1924
6185 6181
1079 4741
6499 5149
920 4923
5065 2099
3112 5280
6158 1301
55 5207
5133 1579
4174 6547
871 5744
3835 3820
5810 5765
47 3241
6799 3967
4567 771
4753 3762
2373 963
5084 4742
1861 4781
3841 5201
5660 1378
6207 3958
2321 853
2116 3099
878 3860
5131 1385
1442 1266
897 234
4808 6370
5681 399
1986 5442
6645 1455
2460 3227
6091 6623
6620 2414
562 5198
6039 400
178 3828
6737 748
6434 6824
935 6627
6628 6834
2731 1310
2130 348
2288 1913
2006 4202
1564 5460
4740 2239
1866 2770
6107 2824
4058 5205
3556 5055
2274 913
6078 2664
2084 2915
3211 6770
4325 5600
5189 4321
4500 615
5105 717
4916 1815
2327 1785
4962 6388
2253 3375
5763 4011
4877 1374
3391 3995
6456 2924
2894 6056
4650 1051
4293 6059
3929 5269
5856 3765
2326 4551
5392 4456
41 4489
3916 5829
5311 2186
6672 1031
6118 2657
5784 4913
2434 2811
604 1090
2177 538
3023 4404
6039 3472
5870 174
2341 5007
290 1433
3676 6565
6768 269
5000 341
3654 5096
451 1092
5084 4531
5831 4147
5518 3419
6030 1835
1456 325
1534 3431
327 4556
503 6400
2086 1874
226 3113
5941 553
1517 2771
5943 61
3029 4458
4956 1104
5499 907
4053 4735
1102 1768
4177 2494
2453 3741
2735 6781
4402 3488
3317 3486
3629 5938
377 6258
5594 3895
6262 3945
5679 2674
3219 4104
624 6149
5472 6049
2407 4301
177 4201
1312 2909
6162 1741
4579 89
6850 3328
3429 551
4653 4055
2825 6136
2 4597
6393 3435
2855 6706
5316 3988
3347 5065
4557 6275
855 293
1878 215
2311 2119
6828 3415
2882 2121
5556 2866
4516 6532
2714 3624
2344 1893
880 167
4443 6571
5151 3712
6487 5781
5377 1991
4476 5313
5832 1587
4334 1457
5155 1177
1085 6011
1147 5959
3691 5392
1228 6363
526 2998
4513 1041
1997 1458
23 644
6118 1053
3550 239
759 469
1031 3938
5597 547
1005 209
6494 4337
3846 6718
1239 1607
347 1520
3547 5894
5724 581
6797 975
6455 4000
5068 5467
3201 5067
2654 1019
3963 6129
4704 5710
5515 3821
5465 119
3715 1634
515 1727
5397 1653
2861 279
6141 492
5305 4383
4114 3432
3982 6381
6802 5916
4751 4483
1881 4836
3560 5483
6666 1597
45 3804
2594 4553
2164 3356
3548 2625
4371 3293
1416 5345
101 3987
426 5159
1430 921
2053 645
2679 466
4108 4353
1173 4687
598 2802
5826 3345
4980 1242
3331 1662
5925 5447
6175 5147
222 1943
1200 349
6745 2969
4391 6225
4607 4141
3857 5299
1187 6820
4866 2399
4735 5546
1690 2055
510 2749
5287 3357
1529 5412
3014 1983
3449 5331
290 706
1889 3796
790 2443
1840 2394
5560 4050
6573 404
5513 3444
6868 1120
6552 5586
3051 1948
4854 2244
1091 899
2518 4644
5719 4930
3655 150
5177 3263
4116 6260
3963 3439
5052 4351
394 3392
4126 3767
1340 1441
2377 4406
4786 479
2084 96
777 6144
5219 1705
6003 1756
3638 3633
4823 1242
3183 4450
5831 2054
3612 6665
2008 3451
990 253
1134 3865
2142 2078
3814 2941
3946 483
3502 3123
1065 2384
3753 3604
2129 3561
3034 2820
129 1259
4802 1009
6672 4613
6855 4803
2728 3307
2516 2300
5845 2053
6303 522
1137 5213
6462 312
3106 4809
20 1662
1098 6479
3487 5994
625 3019
2591 788
2912 501
2223 4659
288 591
1410 3017
4400 6606
2736 2035
1397 1658
6015 6117
6684 5114
2864 2127
300 2046
94 3126
484 4020
317 1359
3944 3876
3752 274
2985 5634
4561 2110
5838 3698
2379 6735
5760 1607
5103 3224
3223 6602
1484 3583
3062 6265
6141 84
788 6601
6535 2780
5030 739
5249 1388
6534 5744
6405 2840
5585 404
50 6472
6840 3021
6367 1362
2330 5384
5890 2236
1938 1103
4937 1733
1647 3302
5673 2718
1854 610
3301 6751
1592 6830
2142 2919
5349 2289
4972 4499
2844 161
5581 1529
2263 2324
5529 5361
5276 3547
6747 4381
2721 6711
1595 2620
5009 6404
1081 5817
228 3150
5027 5637
3855 6707
6498 2396
6502 4243
6064 4145
358 1863
2549 6679
6869 5218
1724 4294
4133 6325
2878 728
4862 5761
1646 4132
4672 5394
2667 1763
1875 1827
1239 6095
1315 2240
1526 5091
5858 1265
6808 902
1106 1657
2090 4233
853 330
2163 549
3065 702
5063 6508
1088 6766
3438 4832
36 4893
1930 3311
4131 4484
5928 3962
1025 4726
2476 375
3983 2544
3776 5314
4181 5303
732 320
2062 4432
819 1779
3591 4749
950 4759
4970 1288
4205 3713
6129 2349
6060 2958
4210 3984
2749 1333
1723 4397
5704 2424
5315 2454
1543 2335
2847 1246
3771 1369
4373 3305
6351 2175
6860 4308
5432 828
6766 2958
2618 2169
6598 906
2345 5758
2757 5260
3195 4903
131 1687
4986 3332
3516 4895
2482 1073
4395 4320
2906 798
1011 5082
1787 6761
457 1078
2211 3817
6803 3839
5630 4521
5999 6045
3281 1696
5727 4943
93 1278
5701 3361
3679 1960
5491 6493
3079 3134
6140 3123
1525 2960
2571 5042
5312 2608
3995 6531
4044 4172
6719 4599
4130 1523
1135 4817
6159 1550
2166 607
4625 849
2935 4268
787 97
2807 2733
4381 2938
1495 851
6065 4189
5440 2747
5199 3390
1027 3799
1633 1435
371 2123
3173 5487
2622 5129
5015 5333
4462 1864
2479 5404
6779 3607
5077 1991
95 3282
4749 2575
6096 3712
1058 3587
3213 5399
2901 3936
697 6369
4134 6767
2923 5383
4410 1628
3187 2207
2209 241
1708 5466
4494 6079
5266 6828
1649 5153
6617 5498
1865 6822
793 6500
2481 1732
3653 1354
402 6612
211 5572
1799 4865
4829 1498
4178 1889
3993 629
4166 3414
2781 1470
632 281
3682 6769
6762 4270
2954 1285
4550 423
887 3783
3575 3296
3088 5840
2805 2357
5877 6689
1647 4532
946 4173
6151 4057
256 212
2258 6823
2434 344
4865 811
3469 5405
2445 2609
6814 4705
2931 3323
720 3153
6770 4853
2956 5477
981 302
1462 6302
537 3693
1440 3460
230 4652
825 781
2195 3737
4787 2775
4659 2471
3600 13
3919 1017
5349 305
3433 1203
5271 730
1309 6667
893 6029
1269 2633
49 5367
2948 2027
4033 3084
3525 4633
1698 2113
3260 2695
6417 2499
3062 3880
6539 559
4238 3721
6836 2486
26 182
5746 2789
1078 5621
4495 2416
2944 5230
2172 3669
2417 6143
3040 2189
1814 1881
4689 2994
6255 5235
894 4216
5601 3356
4774 4900
4256 1902
3049 5721
801 32
4075 1577
463 616
5775 4509
4623 3497
1627 4238
3971 5304
6659 4344
5127 5327
4400 1491
5222 1109
6453 5935
2968 546
6614 1498
25 3169
2051 498
6271 552
4649 5789
1737 6769
4609 2923
4900 6406
1003 1052
5772 1491
2650 6127
5759 141
2256 6269
299 3906
3586 2279
3013 6669
1910 5990
2563 4263
365 1956
6330 3763
5185 531
3451 4299
5347 1977
4365 6248
1465 3231
577 2805
5167 3900
5996 4634
2966 5245
421 1669
1808 1538
6109 1375
1772 5374
6207 4793
5843 373
5981 254
732 3673
6168 4208
5568 2249
4703 2058
153 3859
130 3452
4197 3700
1532 2511
6743 857
2816 1711
2236 4389
2492 3816
3167 3310
867 2157
4770 2126
6089 548
4143 1089
4492 4472
4817 3650
3239 1163
3465 1224
1481 1399
6122 5971
5675 6281
5302 3142
6623 2666
5047 3907
3121 550
4899 6553
4548 1841
4098 2474
812 2993
3694 4428
4350 1236
580 2036
6018 4847
337 6128
2830 5126
5409 5135
351 6751
5196 2410
5780 1631
1174 6608
6469 4737
2440 2835
3383 2788
6583 5116
3145 4324
4192 2152
1560 908
4235 3222
814 4248
1475 3946
2589 3169
3016 470
3346 484
5732 5722
4077 5697
1952 5576
3221 5159
3533 4467
2816 14
3015 2287
4346 2775
6678 6357
5492 380
2546 3442
5548 5561
1240 373
620 4209
4259 4154
6635 3736
1571 1693
6233 3800
1870 5117
5398 2899
3942 263
4766 2364
3925 1880
586 5365
866 3928
4690 6018
2279 312
1135 3466
1824 6734
4193 5978
473 210
1371 2833
980 550
716 5225
2034 5758
5771 3489
4179 5466
171 2991
383 222
6040 6153
5756 898
5583 6305
1183 10
1919 2761
256 1138
381 1784
923 2464
2123 2652
6375 5325
1172 135
5334 3066
2141 4219
3178 4949
4249 1949
930 3957
6732 5012
6651 121
219 992
1749 5888
5325 3605
2180 2054
1849 6275
1258 3496
2223 6654
1878 5104
2696 3781
5484 6217
1108 3895
386 1129
6220 447
2689 2128
643 5417
5227 4669
2767 5946
5793 6662
5034 2519
6544 1600
715 558
3770 2913
805 2460
2273 5716
6145 1111
1406 6590
5119 4697
2702 1113
5660 2390
5098 3615
3427 659
5974 1441
728 6449
3835 1474
5171 746
4518 4375
5554 3731
925 6237
462 3249
2438 1964
6218 2346
343 934
1813 9
1363 1551
1885 4685
5109 2904
1202 4051
1086 2168
6124 2243
2307 5040
1424 2768
1903 3465
6744 3983
512 1480
6331 4223
1981 4144
1591 1512
2377 4275
904 284
3421 3886
2063 932
742 5323
2823 3939
1937 4181
4961 3433
2264 4333
6119 1801
2159 67
5692 4982
6389 5686
3555 3378
3802 2994
6478 629
2459 5421
2472 5654
6658 3054
804 3921
372 5836
6876 2463
4116 2668
79 6618
4131 4399
1635 6420
3646 1400
4379 2044
198 2447
3674 543
6818 4468
3020 6361
6452 5401
537 696
608 5677
4864 5068
674 1971
4587 3622
5066 1819
4468 6523
760 2173
437 2914
1158 6076
3908 5624
734 1777
3621 572
899 1001
1241 640
6650 3585
2554 1481
3982 1769
2031 95
1207 6849
4093 149
2564 6338
872 4876
1325 754
1344 6841
2398 1428
3203 3598
2476 4026
2607 4630
1760 333
2970 4170
1509 419
4590 6340
837 3001
4203 568
4842 5965
4107 5673
6232 2152
4419 2681
1230 1364
6412 3320
4355 2619
2333 4095
5363 4008
223 4024
3316 2908
663 6269
3627 277
3631 3362
347 3043
6011 6829
2835 6264
4295 6477
130 477
123 4292
4980 3801
6457 5656
3332 3830
2379 4321
720 4684
970 2665
5069 5296
3784 5364
5927 649
5360 1245
2361 3003
6253 1679
1060 519
6634 5606
4228 3730
5764 2593
3161 2145
662 4745
1638 3272
2334 4261
651 5326
4658 5792
5011 6290
3632 6483
2739 247
2456 5664
1560 3216
4158 3255
1724 4951
4561 1680
3418 4006
4132 2791
5057 4541
5445 397
5126 854
2064 1909
4667 3019
1707 314
1745 2715
2850 4911
5888 533
1255 180
1665 4476
5636 3536
3422 5613
6234 3771
738 3253
1343 4425
1987 1972
5004 6402
6227 4525
1736 3557
1511 4089
3418 5422
1941 3913
2316 6715
4494 4586
4512 257
2995 1338
5173 2685
160 4038
911 844
2765 15
2488 2321
2926 439
4017 6232
4576 3398
3964 1720
4307 4078
4994 5206
3867 6187
5312 125
2358 6396
6139 6101
2423 6001
1012 6854
2676 4719
1341 6594
1725 4040
2295 2572
880 3321
5833 5967
5302 3785
6468 1917
6773 2837
866 1940
4922 1248
994 4539
1575 85
3847 576
2484 1356
5309 2939
2041 2140
3294 4914
5702 5640
6464 4274
2895 1318
2351 2720
2935 1168
1145 733
6350 3580
4626 6438
775 5004
3274 1815
4806 2603
3927 4163
4798 5820
2192 5234
2776 4709
5239 2513
5307 3423
4794 2200
154 2232
2120 3817
4138 316
3333 5925
4896 499
2124 2364
1923 6208
1247 1485
4667 3902
4780 3457
1805 5532
3745 5114
1012 3790
5237 5748
477 3675
3719 4019
3036 2150
5304 6098
3922 4044
3809 2231
2508 315
2187 6442
6346 4012
1077 6245
1945 3682
6071 6867
4562 3717
4125 5158
136 1825
3444 6360
5686 2660
6023 4162
6227 3355
1578 2574
4743 4891
3515 3917
4176 4713
4280 5957
4369 4113
5869 1093
6759 2277
5628 6124
2932 1316
954 1308
56 2071
6796 270
1606 4788
6100 3341
3850 960
1758 5455
6419 3277
4135 6527
2291 4104
5977 2487
2888 3823
5674 4162
3020 474
4013 5246
104 5041
1590 4703
4683 2709
5753 3811
744 4824
6038 4795
3402 4966
388 1196
1279 6320
3121 5138
3259 2404
5195 3024
1331 3204
5978 4989
5251 1319
6394 3699
2217 1709
3938 1022
4664 5221
699 5167
5482 6722
6259 2375
6728 6314
6009 5023
3464 4201
4471 5318
6278 6106
6090 5148
4946 2809
247 2952
5396 1448
4841 5336
2908 2304
5841 143
5819 4046
6593 5490
173 6431
2269 3312
1679 5909
5021 819
4815 3974
5321 3708
4420 313
5633 3446
3899 5090
5964 4653
6321 1753
4455 3067
4488 3609
3226 1753
1995 2083
307 5703
894 5088
6503 6311
5658 2621
961 1284
5980 892
4033 3784
3120 3695
3055 4242
5564 5475
2099 656
4026 4092
2252 2446
6702 4164
2965 1233
612 5917
167 3000
5003 5531
1147 1973
1118 4156
4801 1438
6122 2520
74 2386
6840 5779
873 5539
6343 4433
5418 4265
4278 1542
6788 3247
1407 1126
3076 5728
6235 548
1862 272
5100 2615
6479 564
6474 6193
1776 6671
3170 3640
6426 1872
6875 438
2320 804
2161 5428
6197 1320
534 2175
3865 4832
100 4668
6765 1184
6413 481
6640 3569
6458 3
3925 4637
6430 6579
1125 6312
6202 6199
6653 509
1299 5849
4982 6488
65 4409
6625 6859
5684 1704
2202 2293
4359 6048
5517 3602
163 3252
2892 3874
3060 215
4090 6595
6012 5434
6371 6224
2751 864
3889 4856
2670 193
890 4979
1294 1392
585 431
579 3955
5503 3893
1801 4599
4853 975
3896 609
6123 296
4763 3780
1175 3651
1335 830
4196 5209
2188 5671
1168 675
6277 4469
4473 2974
4678 4827
789 1804
2225 3302
6322 2108
5553 1722
2277 2461
2017 1317
1156 5073
4584 295
4983 4102
3002 1582
6465 1036
583 5454
5462 527
3270 425
1400 2706
3787 6031
4526 5315
10 6274
6014 1267
1235 6864
3599 2636
1486 5659
845 3333
4336 4469
3177 1536
5602 6411
5189 2798
30 464
5361 4062
5033 4577
2523 3420
5558 3190
4297 2968
6336 160
6744 480
601 2122
4406 3686
3802 5378
1760 4788
4326 4555
1916 121
323 3354
1121 4602
1806 5901
2663 3749
1882 5433
5563 6032
6313 5764
807 6364
1559 5779
6306 6043
1095 15
6535 295
4233 1912
2019 6316
2973 2569
2100 1345
5354 6284
6797 513
453 3305
547 998
5523 3538
5337 3003
1877 5285
3414 5478
4921 2
3234 6334
4751 6231
799 2902
4035 4009
5725 730
6698 2967
6415 4071
5486 1124
6477 3930
5717 793
6729 4924
5310 896
670 1405
213 4960
6035 5242
6517 3372
6244 5231
1970 5790
1918 3388
3157 1501
2701 513
573 2419
3862 6153
5199 959
2289 102
6780 6273
4745 2058
3353 5074
241 5345
3116 335
3342 4901
6149 2429
2653 5878
6519 2873
1064 3567
1057 2353
3352 2588
5703 6088
1613 2573
2160 3518
1216 6045
3343 4005
4935 5512
1654 1217
6762 2216
4068 2306
3230 2446
4159 6249
5294 489
2178 6183
821 4757
1774 5689
3489 3257
5534 5687
2688 5164
4798 4318
3434 719
4183 611
571 6661
648 4050
6697 5585
1404 6416
634 5998
2491 5586
3597 4881
5481 2707
6712 3581
2230 1407
5846 3288
3706 2732
6805 4591
2250 3577
2539 833
5584 3729
6347 200
6842 4271
6685 859
836 225
2525 258
2980 4088
5547 6800
6378 6342
6371 4557
3949 628
4327 5702
2252 1707
4695 1017
5772 6370
1427 1855
4814 6723
1093 5141
411 1487
4486 1494
3669 399
4855 3552
